1451393738;32.1;23.4;20.1
1451393760;32.1;23.4;20.1
1451393827;32.2;23.5;20.1
1451393885;32.3;23.4;20.1
1451393942;32.2;23.5;20.1
1451394002;32.1;23.5;20.1
1451394065;32.3;23.5;20.1
1451394124;32.3;23.5;20.1
1451394182;32.1;23.4;20.1
1451394244;32.2;23.4;20.1
1451394302;32.2;23.4;20.1
1451394365;32.1;23.4;20.1
1451394425;32.2;23.4;20.1
1451394482;32.2;23.4;20.1
1451394542;32.2;23.4;20.1
1451394602;32.2;23.4;20.1
1451394661;32.2;23.5;20.1
1451394724;32.2;23.4;20.1
1451394787;32.1;23.4;20.1
1451394842;32.1;23.4;20.1
1451394905;32.1;23.4;20.1
1451394962;32.1;23.4;20.1
1451395022;32.1;23.4;20.1
1451395085;32.2;23.4;20.1
1451395143;32.2;23.4;20.1
1451395200;32.2;23.4;20.1
1451395262;32.1;23.4;20.1
1451395327;32.1;23.4;20.1
1451395387;32.1;23.4;20.1
1451395441;32.2;23.4;20.1
1451395502;32.2;23.4;20.1
1451395565;32.1;23.3;20.0
1451395627;32.2;23.3;20.0
1451395682;32.1;23.3;20.0
1451395744;32.2;23.3;20.0
1451395801;32.2;23.3;20.0
1451395862;32.1;23.3;20.0
1451395925;32.1;23.3;20.0
1451395984;32.1;23.3;20.0
1451396045;32.1;23.3;20.0
1451396105;32.1;23.3;20.0
1451396164;32.1;23.3;20.0
1451396229;32.0;23.3;20.0
1451396284;32.0;23.3;20.0
1451396341;31.9;23.2;19.9
1451396401;32.0;23.2;19.9
1451396466;32.1;23.2;20.0
1451396523;32.1;23.2;20.0
1451396581;32.1;23.2;20.0
1451396643;32.1;23.2;20.0
1451396700;32.1;23.2;20.0
1451396760;32.0;23.2;19.9
1451396823;32.1;23.2;20.0
1451396880;32.1;23.2;20.0
1451396942;32.1;23.3;20.0
1451397003;31.9;23.2;19.9
1451397062;32.0;23.3;20.0
1451397122;33.5;23.3;20.1
1451397180;32.8;23.3;20.0
1451397240;32.6;23.3;20.0
1451397302;32.3;23.3;20.0
1451397362;32.2;23.3;20.0
1451397420;32.8;23.4;20.1
1451397480;32.4;23.3;20.0
1451397540;32.3;23.4;20.1
1451397600;32.4;23.3;20.0
1451397660;32.5;23.4;20.1
1451397733;32.1;23.4;20.1
1451397787;32.2;23.4;20.1
1451397844;32.3;23.4;20.1
1451397904;32.2;23.4;20.1
1451397961;32.1;23.5;20.1
1451398021;32.2;23.4;20.1
1451398081;32.3;23.5;20.1
1451398144;32.3;23.4;20.1
1451398209;32.6;23.4;20.1
1451398262;32.4;23.5;20.2
1451398324;32.3;23.5;20.1
1451398385;32.6;23.5;20.2
1451398442;32.5;23.5;20.2
1451398505;32.5;23.5;20.2
1451398564;32.4;23.5;20.2
1451398621;32.5;23.5;20.2
1451398686;32.8;23.5;20.2
1451398749;32.6;23.5;20.2
1451398803;32.3;23.4;20.1
1451398860;32.6;23.5;20.2
1451398925;32.4;23.4;20.1
1451398980;32.6;23.5;20.2
1451399043;32.4;23.5;20.2
1451399103;32.5;23.5;20.2
1451399160;32.6;23.5;20.2
1451399220;32.5;23.5;20.2
1451399280;33.3;23.5;20.2
1451399342;32.5;23.5;20.2
1451399402;32.4;23.5;20.2
1451399464;32.6;23.5;20.2
1451399522;32.5;23.5;20.2
1451399580;32.4;23.4;20.1
1451399640;32.3;23.4;20.1
1451399702;32.3;23.4;20.1
1451399762;32.4;23.5;20.2
1451399823;32.4;23.4;20.1
1451399885;32.5;23.4;20.1
1451399947;32.5;23.4;20.1
1451400000;32.4;23.4;20.1
1451400062;32.4;23.4;20.1
1451400120;32.4;23.4;20.1
1451400183;32.4;23.4;20.1
1451400240;32.4;23.4;20.1
1451400300;32.5;23.5;20.2
1451400360;32.3;23.4;20.1
1451400422;32.5;23.4;20.1
1451400482;32.4;23.4;20.1
1451400542;32.6;23.5;20.2
1451400601;32.6;23.5;20.2
1451400662;32.5;23.5;20.2
1451400725;32.4;23.5;20.2
1451400787;32.3;23.5;20.1
1451400845;32.3;23.6;20.2
1451400904;32.2;23.6;20.2
1451400961;32.1;23.5;20.1
1451401024;32.2;23.6;20.2
1451401081;32.1;23.6;20.2
1451401143;32.0;23.6;20.2
1451401201;32.0;23.6;20.2
1451401261;31.9;23.6;20.2
1451401324;31.9;23.6;20.2
1451401384;31.9;23.7;20.3
1451401441;32.0;23.7;20.3
1451401500;31.9;23.7;20.3
1451401560;31.8;23.7;20.2
1451401620;31.8;23.7;20.2
1451401680;33.1;23.7;20.3
1451401743;31.9;23.7;20.3
1451401800;31.9;23.6;20.2
1451401860;32.0;23.6;20.2
1451401920;32.5;23.6;20.2
1451401985;32.3;23.6;20.2
1451402040;32.1;23.6;20.2
1451402236;32.3;23.5;20.1
1451402281;32.4;23.5;20.2
1451402344;32.4;23.5;20.2
1451402404;32.4;23.6;20.2
1451402464;32.4;23.5;20.2
1451402521;32.3;23.5;20.1
1451402581;32.4;23.5;20.2
1451402644;32.4;23.5;20.2
1451402704;32.3;23.5;20.1
1451402764;32.4;23.5;20.2
1451402824;32.6;23.5;20.2
1451402881;32.5;23.5;20.2
1451402944;32.5;23.5;20.2
1451403004;32.5;23.5;20.2
1451403061;32.5;23.5;20.2
1451403126;32.7;23.5;20.2
1451403182;32.4;23.5;20.2
1451403248;32.5;23.6;20.2
1451403300;32.9;23.7;20.3
1451403362;32.1;23.8;20.3
1451403420;32.2;23.8;20.3
1451403480;32.1;23.8;20.3
1451403540;32.2;23.8;20.3
1451403600;32.2;23.8;20.3
1451403663;32.2;23.8;20.3
1451403720;32.2;23.8;20.3
1451403780;32.2;23.8;20.3
1451403843;32.2;23.8;20.3
1451403901;32.3;23.8;20.3
1451403964;32.1;23.8;20.3
1451404024;32.2;23.8;20.3
1451404084;32.2;23.8;20.3
1451404142;32.3;23.8;20.3
1451404202;32.3;23.9;20.4
1451404260;32.3;23.9;20.4
1451404323;32.3;23.8;20.3
1451404382;32.2;23.8;20.3
1451404447;32.2;23.8;20.3
1451404502;32.2;23.8;20.3
1451404562;32.2;23.8;20.3
1451404623;32.3;23.8;20.3
1451404680;32.5;23.8;20.3
1451404742;32.3;23.8;20.3
1451404802;33.4;23.8;20.4
1451404861;32.4;23.8;20.3
1451404921;32.4;23.8;20.3
1451404980;32.7;23.9;20.4
1451405044;32.4;23.8;20.3
1451405100;32.5;23.9;20.4
1451405163;32.4;23.9;20.4
1451405226;32.4;23.9;20.4
1451405283;32.2;24.0;20.5
1451405343;32.3;23.9;20.4
1451405401;32.2;23.9;20.4
1451405463;32.3;23.9;20.4
1451405523;32.3;23.8;20.3
1451405580;32.4;23.9;20.4
1451405642;32.6;23.9;20.4
1451405703;32.4;23.9;20.4
1451405768;32.5;23.9;20.4
1451405822;32.4;23.9;20.4
1451405882;32.3;23.9;20.4
1451405940;32.3;23.9;20.4
1451406000;32.3;23.9;20.4
1451406063;32.5;23.9;20.4
1451406126;32.6;23.9;20.4
1451406183;32.4;23.9;20.4
1451406247;32.6;23.9;20.4
1451406302;32.4;23.8;20.3
1451406362;32.6;23.8;20.4
1451406424;32.6;23.9;20.4
1451406484;32.4;23.8;20.3
1451406544;32.4;23.8;20.3
1451406602;32.3;23.8;20.3
1451406667;32.4;23.8;20.3
1451406722;32.4;23.8;20.3
1451406782;32.4;23.9;20.4
1451406842;32.4;23.9;20.4
1451406902;32.3;23.9;20.4
1451406964;32.3;23.9;20.4
1451407024;32.2;23.8;20.3
1451407086;32.3;23.8;20.3
1451407120;52.5;19.0;17.8
1451432066;52.4;19.0;17.8
